# i	n_loc[i]	m_loc[i]	vext[i]	energia[i]	e_tot	mifim	bfim
0	0.00000000	0.00000000	5.10050000	5.10050000	113.33452996	-4.98480365	6.58184688
1	0.00000000	0.00000000	4.90050000	4.90050000	113.33452996	-4.98480365	6.58184688
2	0.00000000	0.00000000	4.70450000	4.70450000	113.33452996	-4.98480365	6.58184688
3	0.00000000	0.00000000	4.51250000	4.51250000	113.33452996	-4.98480365	6.58184688
4	0.00000000	0.00000000	4.32450000	4.32450000	113.33452996	-4.98480365	6.58184688
5	0.00000000	0.00000000	4.14050000	4.14050000	113.33452996	-4.98480365	6.58184688
6	0.00000000	0.00000000	3.96050000	3.96050000	113.33452996	-4.98480365	6.58184688
7	0.00000000	0.00000000	3.78450000	3.78450000	113.33452996	-4.98480365	6.58184688
8	0.00000000	0.00000000	3.61250000	3.61250000	113.33452996	-4.98480365	6.58184688
9	0.12512566	0.12512566	3.44450000	3.20064399	113.33452996	-4.98480365	6.58184688
10	0.18153841	0.18153841	3.28050000	2.93678821	113.33452996	-4.98480365	6.58184688
11	0.22435107	0.22435107	3.12050000	2.70803628	113.33452996	-4.98480365	6.58184688
12	0.26035731	0.26035731	2.96450000	2.49993526	113.33452996	-4.98480365	6.58184688
13	0.29208094	0.29208094	2.81250000	2.30693162	113.33452996	-4.98480365	6.58184688
14	0.32079047	0.32079047	2.66450000	2.12613869	113.33452996	-4.98480365	6.58184688
15	0.34722948	0.34722948	2.52050000	1.95580466	113.33452996	-4.98480365	6.58184688
16	0.37187729	0.37187729	2.38050000	1.79475830	113.33452996	-4.98480365	6.58184688
17	0.39506360	0.39506360	2.24450000	1.64216217	113.33452996	-4.98480365	6.58184688
18	0.41702603	0.41702603	2.11250000	1.49738689	113.33452996	-4.98480365	6.58184688
19	0.43794195	0.43794195	1.98450000	1.35994086	113.33452996	-4.98480365	6.58184688
20	0.45794733	0.45794733	1.86050000	1.22942783	113.33452996	-4.98480365	6.58184688
21	0.47714852	0.47714852	1.74050000	1.10552003	113.33452996	-4.98480365	6.58184688
22	0.49562998	0.49562998	1.62450000	0.98794022	113.33452996	-4.98480365	6.58184688
23	0.51345948	0.51345948	1.51250000	0.87644927	113.33452996	-4.98480365	6.58184688
24	0.53069174	0.53069174	1.40450000	0.77083726	113.33452996	-4.98480365	6.58184688
25	0.54737098	0.54737098	1.30050000	0.67091699	113.33452996	-4.98480365	6.58184688
26	0.56353281	0.56353281	1.20050000	0.57651897	113.33452996	-4.98480365	6.58184688
27	0.57920553	0.57920553	1.10450000	0.48748757	113.33452996	-4.98480365	6.58184688
28	0.59441113	0.59441113	1.01250000	0.40367801	113.33452996	-4.98480365	6.58184688
29	0.60916601	0.60916601	0.92450000	0.32495375	113.33452996	-4.98480365	6.58184688
30	0.62348146	0.62348146	0.84050000	0.25118448	113.33452996	-4.98480365	6.58184688
31	0.63736397	0.63736397	0.76050000	0.18224425	113.33452996	-4.98480365	6.58184688
32	0.65081545	0.65081545	0.68450000	0.11800991	113.33452996	-4.98480365	6.58184688
33	0.66383332	0.66383332	0.61250000	0.05835964	113.33452996	-4.98480365	6.58184688
34	0.67641048	0.67641048	0.54450000	0.00317169	113.33452996	-4.98480365	6.58184688
35	0.68853529	0.68853529	0.48050000	-0.04767684	113.33452996	-4.98480365	6.58184688
36	0.70019140	0.70019140	0.42050000	-0.09431112	113.33452996	-4.98480365	6.58184688
37	0.71135765	0.71135765	0.36450000	-0.13685951	113.33452996	-4.98480365	6.58184688
38	0.72200787	0.72200787	0.31250000	-0.17545449	113.33452996	-4.98480365	6.58184688
39	0.73211086	0.73211086	0.26450000	-0.21023319	113.33452996	-4.98480365	6.58184688
40	0.74163026	0.74163026	0.22050000	-0.24133778	113.33452996	-4.98480365	6.58184688
41	0.75052479	0.75052479	0.18050000	-0.26891538	113.33452996	-4.98480365	6.58184688
42	0.75874852	0.75874852	0.14450000	-0.29311743	113.33452996	-4.98480365	6.58184688
43	0.76625157	0.76625157	0.11250000	-0.31409836	113.33452996	-4.98480365	6.58184688
44	0.77298114	0.77298114	0.08450000	-0.33201344	113.33452996	-4.98480365	6.58184688
45	0.77888297	0.77888297	0.06050000	-0.34701559	113.33452996	-4.98480365	6.58184688
46	0.78390332	0.78390332	0.04050000	-0.35925124	113.33452996	-4.98480365	6.58184688
47	0.95453617	0.77457598	0.02450000	-1.29307563	113.33452996	-4.98480365	6.58184688
48	1.01202901	0.77409971	0.01250000	-1.59587859	113.33452996	-4.98480365	6.58184688
49	1.05341928	0.77476747	0.00450000	-1.80615122	113.33452996	-4.98480365	6.58184688
50	1.07903947	0.77558081	0.00050000	-1.93257202	113.33452996	-4.98480365	6.58184688
51	1.07903947	0.77558081	0.00050000	-1.93257202	113.33452996	-4.98480365	6.58184688
52	1.05341928	0.77476747	0.00450000	-1.80615122	113.33452996	-4.98480365	6.58184688
53	1.01202901	0.77409971	0.01250000	-1.59587859	113.33452996	-4.98480365	6.58184688
54	0.95453617	0.77457598	0.02450000	-1.29307563	113.33452996	-4.98480365	6.58184688
55	0.78390332	0.78390332	0.04050000	-0.35925124	113.33452996	-4.98480365	6.58184688
56	0.77888297	0.77888297	0.06050000	-0.34701559	113.33452996	-4.98480365	6.58184688
57	0.77298114	0.77298114	0.08450000	-0.33201344	113.33452996	-4.98480365	6.58184688
58	0.76625157	0.76625157	0.11250000	-0.31409836	113.33452996	-4.98480365	6.58184688
59	0.75874852	0.75874852	0.14450000	-0.29311743	113.33452996	-4.98480365	6.58184688
60	0.75052479	0.75052479	0.18050000	-0.26891538	113.33452996	-4.98480365	6.58184688
61	0.74163026	0.74163026	0.22050000	-0.24133778	113.33452996	-4.98480365	6.58184688
62	0.73211086	0.73211086	0.26450000	-0.21023319	113.33452996	-4.98480365	6.58184688
63	0.72200787	0.72200787	0.31250000	-0.17545449	113.33452996	-4.98480365	6.58184688
64	0.71135765	0.71135765	0.36450000	-0.13685951	113.33452996	-4.98480365	6.58184688
65	0.70019140	0.70019140	0.42050000	-0.09431112	113.33452996	-4.98480365	6.58184688
66	0.68853529	0.68853529	0.48050000	-0.04767684	113.33452996	-4.98480365	6.58184688
67	0.67641048	0.67641048	0.54450000	0.00317169	113.33452996	-4.98480365	6.58184688
68	0.66383332	0.66383332	0.61250000	0.05835964	113.33452996	-4.98480365	6.58184688
69	0.65081545	0.65081545	0.68450000	0.11800991	113.33452996	-4.98480365	6.58184688
70	0.63736397	0.63736397	0.76050000	0.18224425	113.33452996	-4.98480365	6.58184688
71	0.62348146	0.62348146	0.84050000	0.25118448	113.33452996	-4.98480365	6.58184688
72	0.60916601	0.60916601	0.92450000	0.32495375	113.33452996	-4.98480365	6.58184688
73	0.59441113	0.59441113	1.01250000	0.40367801	113.33452996	-4.98480365	6.58184688
74	0.57920553	0.57920553	1.10450000	0.48748757	113.33452996	-4.98480365	6.58184688
75	0.56353281	0.56353281	1.20050000	0.57651897	113.33452996	-4.98480365	6.58184688
76	0.54737098	0.54737098	1.30050000	0.67091699	113.33452996	-4.98480365	6.58184688
77	0.53069174	0.53069174	1.40450000	0.77083726	113.33452996	-4.98480365	6.58184688
78	0.51345948	0.51345948	1.51250000	0.87644927	113.33452996	-4.98480365	6.58184688
79	0.49562998	0.49562998	1.62450000	0.98794022	113.33452996	-4.98480365	6.58184688
80	0.47714852	0.47714852	1.74050000	1.10552003	113.33452996	-4.98480365	6.58184688
81	0.45794733	0.45794733	1.86050000	1.22942783	113.33452996	-4.98480365	6.58184688
82	0.43794195	0.43794195	1.98450000	1.35994086	113.33452996	-4.98480365	6.58184688
83	0.41702603	0.41702603	2.11250000	1.49738689	113.33452996	-4.98480365	6.58184688
84	0.39506360	0.39506360	2.24450000	1.64216217	113.33452996	-4.98480365	6.58184688
85	0.37187729	0.37187729	2.38050000	1.79475830	113.33452996	-4.98480365	6.58184688
86	0.34722948	0.34722948	2.52050000	1.95580466	113.33452996	-4.98480365	6.58184688
87	0.32079047	0.32079047	2.66450000	2.12613869	113.33452996	-4.98480365	6.58184688
88	0.29208094	0.29208094	2.81250000	2.30693162	113.33452996	-4.98480365	6.58184688
89	0.26035731	0.26035731	2.96450000	2.49993526	113.33452996	-4.98480365	6.58184688
90	0.22435107	0.22435107	3.12050000	2.70803628	113.33452996	-4.98480365	6.58184688
91	0.18153841	0.18153841	3.28050000	2.93678821	113.33452996	-4.98480365	6.58184688
92	0.12512566	0.12512566	3.44450000	3.20064399	113.33452996	-4.98480365	6.58184688
93	0.00000000	0.00000000	3.61250000	3.61250000	113.33452996	-4.98480365	6.58184688
94	0.00000000	0.00000000	3.78450000	3.78450000	113.33452996	-4.98480365	6.58184688
95	0.00000000	0.00000000	3.96050000	3.96050000	113.33452996	-4.98480365	6.58184688
96	0.00000000	0.00000000	4.14050000	4.14050000	113.33452996	-4.98480365	6.58184688
97	0.00000000	0.00000000	4.32450000	4.32450000	113.33452996	-4.98480365	6.58184688
98	0.00000000	0.00000000	4.51250000	4.51250000	113.33452996	-4.98480365	6.58184688
99	0.00000000	0.00000000	4.70450000	4.70450000	113.33452996	-4.98480365	6.58184688
